image_width: 640
image_height: 512
camera_name: flir_camera
camera_matrix:
  rows: 3
  cols: 3
  data: [784.14549,   0.     , 323.14355,
           0.     , 788.6496 , 235.56662,
           0.     ,   0.     ,   1.     ]
distortion_model: plumb_bob
distortion_coefficients:
  rows: 1
  cols: 5
  data: [0.009987, 0.325207, -0.018193, 0.004038, 0.000000]
rectification_matrix:
  rows: 3
  cols: 3
  data: [1., 0., 0.,
         0., 1., 0.,
         0., 0., 1.]
projection_matrix:
  rows: 3
  cols: 4
  data: [807.26147,   0.     , 324.12695,   0.     ,
           0.     , 805.9668 , 229.61502,   0.     ,
           0.     ,   0.     ,   1.     ,   0.     ]
