image_width: 1232
image_height: 1616
camera_name: camera_front
camera_matrix:
  rows: 3
  cols: 3
  data: [748.763000000000, 0.000000000000, 608.040000000000, 0.000000000000, 748.403000000000, 802.283000000000, 0.000000000000, 0.000000000000, 1.000000000000]
distortion_model: plumb_bob
distortion_coefficients:
  rows: 1
  cols: 8
  data: [0.224056288600, -0.021890278900, -0.000000407700, -0.000001047500, 0.001507493700, 0.490628182900, -0.025954389900, 0.001889257100]
