image_width: 1232
image_height: 1616
camera_name: camera_rear_right
camera_matrix:
  rows: 3
  cols: 3
  data: [751.574000000000, 0.000000000000, 621.578000000000, 0.000000000000, 751.411000000000, 791.775000000000, 0.000000000000, 0.000000000000, 1.000000000000]
distortion_model: plumb_bob
distortion_coefficients:
  rows: 1
  cols: 8
  data: [0.221437215800, -0.021810933900, -0.000002041900, 0.000001500400, 0.001565091900, 0.486813485600, -0.026465285600, 0.002048124300]
