image_width: 1232
image_height: 1616
camera_name: camera_up
camera_matrix:
  rows: 3
  cols: 3
  data: [751.488000000000, 0.000000000000, 619.836000000000, 0.000000000000, 751.303000000000, 822.315000000000, 0.000000000000, 0.000000000000, 1.000000000000]
distortion_model: plumb_bob
distortion_coefficients:
  rows: 1
  cols: 8
  data: [0.217890515900, -0.020921554400, 0.000001643900, -0.000000373100, 0.001473585400, 0.483835935600, -0.026234664000, 0.002050706900]
