image_width: 1920
image_height: 1200
camera_name: camera_rear
camera_matrix:
  rows: 3
  cols: 3
  data: [1173.282749492559, 0.000000000000, 943.642987543282, 0.000000000000, 1174.117870914833, 594.890839987250, 0.000000000000, 0.000000000000, 1.000000000000]
distortion_model: plumb_bob
distortion_coefficients:
  rows: 1
  cols: 5
  data: [-0.227115769176, 0.072190556277, 0.000224885435, -0.000057007255, 0.000000000000]
