image_width: 1920
image_height: 1200
camera_name: camera_front
camera_matrix:
  rows: 3
  cols: 3
  data: [1173.420117337192, 0.000000000000, 955.544423747353, 0.000000000000, 1173.756925663061, 581.524198130408, 0.000000000000, 0.000000000000, 1.000000000000]
distortion_model: plumb_bob
distortion_coefficients:
  rows: 1
  cols: 5
  data: [-0.222735008479, 0.065241670086, -0.000147533707, -0.000156485659, 0.000000000000]
