image_width: 1920
image_height: 1200
camera_name: camera_right
camera_matrix:
  rows: 3
  cols: 3
  data: [1176.573920000000, 0.000000000000, 963.541030000000, 0.000000000000, 1176.153100000000, 600.437890000000, 0.000000000000, 0.000000000000, 1.000000000000]
distortion_model: plumb_bob
distortion_coefficients:
  rows: 1
  cols: 5
  data: [-0.223299000000, 0.068371000000, 0.000216000000, -0.000206000000, 0.000000000000]
