image_width: 1920
image_height: 1200
camera_name: camera_front
camera_matrix:
  rows: 3
  cols: 3
  data: [1179.416250000000, 0.000000000000, 983.915500000000, 0.000000000000, 1178.904310000000, 596.745370000000, 0.000000000000, 0.000000000000, 1.000000000000]
distortion_model: plumb_bob
distortion_coefficients:
  rows: 1
  cols: 5
  data: [-0.226817000000, 0.071594000000, -0.000070000000, 0.000069000000, 0.000000000000]
