image_width: 1920
image_height: 1200
camera_name: camera_left
camera_matrix:
  rows: 3
  cols: 3
  data: [1180.229910000000, 0.000000000000, 946.812840000000, 0.000000000000, 1180.789810000000, 568.026420000000, 0.000000000000, 0.000000000000, 1.000000000000]
distortion_model: plumb_bob
distortion_coefficients:
  rows: 1
  cols: 5
  data: [-0.228789000000, 0.071791000000, 0.000209000000, -0.000356000000, 0.000000000000]
