stamp, T00, T01, T02, T03, T10, T11, T12, T13, T20, T21, T22, T23
1727351212.496598244, 0.644, -0.765, 0.021, -77.258, 0.755, 0.631, -0.177, -52.580, 0.122, 0.129, 0.984, -5.672
1727351214.494110346, 0.590, -0.804, 0.076, -77.061, 0.785, 0.549, -0.286, -53.789, 0.188, 0.229, 0.955, -6.024
1727351215.194356441, 0.592, -0.805, 0.030, -77.016, 0.788, 0.570, -0.232, -54.209, 0.169, 0.161, 0.972, -6.128
1727351215.994350195, 0.701, -0.714, -0.004, -76.997, 0.692, 0.680, -0.242, -54.758, 0.176, 0.167, 0.970, -6.255
1727351216.694211721, 0.818, -0.575, -0.000, -77.038, 0.564, 0.802, -0.196, -55.160, 0.113, 0.161, 0.981, -6.332
1727351217.393695831, 0.849, -0.529, 0.012, -77.150, 0.523, 0.836, -0.167, -55.646, 0.078, 0.148, 0.986, -6.416
1727351218.394634008, 0.841, -0.540, 0.028, -77.319, 0.537, 0.828, -0.162, -56.394, 0.064, 0.151, 0.986, -6.524
1727351219.394076109, 0.830, -0.556, 0.036, -77.477, 0.557, 0.823, -0.111, -57.125, 0.032, 0.112, 0.993, -6.617
1727351220.395421743, 0.972, -0.234, 0.014, -77.603, 0.234, 0.965, -0.119, -57.669, 0.014, 0.119, 0.993, -6.677
1727351221.394024372, 0.985, 0.153, 0.084, -77.944, -0.148, 0.987, -0.066, -57.931, -0.093, 0.052, 0.994, -6.693
1727351222.393703461, 0.886, 0.432, 0.168, -78.104, -0.435, 0.900, -0.019, -58.001, -0.159, -0.056, 0.986, -6.685
1727351223.397473574, 0.882, 0.470, -0.030, -77.955, -0.471, 0.878, -0.089, -57.942, -0.016, 0.093, 0.996, -6.712
1727351224.396818638, 0.879, 0.475, -0.021, -77.654, -0.475, 0.873, -0.113, -57.884, -0.035, 0.109, 0.993, -6.723
1727351225.396254063, 0.879, 0.475, -0.028, -77.662, -0.475, 0.872, -0.117, -57.877, -0.031, 0.116, 0.993, -6.723
1727351226.396760464, 0.984, 0.174, -0.028, -77.676, -0.176, 0.981, -0.085, -57.886, 0.012, 0.089, 0.996, -6.725
1727351227.397237778, 0.999, -0.021, -0.028, -77.689, 0.019, 0.997, -0.068, -57.924, 0.029, 0.068, 0.997, -6.730
1727351228.396564722, 0.999, -0.046, 0.017, -77.804, 0.045, 0.997, 0.055, -58.018, -0.020, -0.054, 0.998, -6.685
1727351229.396742821, 0.997, -0.081, 0.000, -77.920, 0.080, 0.979, 0.188, -58.117, -0.015, -0.187, 0.982, -6.660
1727351230.397650242, 0.991, -0.131, -0.006, -78.245, 0.130, 0.975, 0.180, -58.459, -0.017, -0.180, 0.984, -6.625
1727351231.298324108, 0.998, 0.058, -0.021, -78.372, -0.052, 0.972, 0.229, -58.433, 0.034, -0.228, 0.973, -6.643
1727351232.398780107, 0.997, 0.067, 0.030, -78.558, -0.073, 0.962, 0.261, -58.552, -0.011, -0.263, 0.965, -6.602
1727351233.396837473, 0.996, 0.068, 0.055, -78.553, -0.080, 0.961, 0.263, -58.551, -0.035, -0.267, 0.963, -6.606
1727351234.397565603, 0.996, 0.062, 0.059, -78.560, -0.075, 0.963, 0.260, -58.555, -0.041, -0.263, 0.964, -6.607
1727351235.396780252, 0.996, 0.061, 0.060, -78.566, -0.074, 0.963, 0.259, -58.555, -0.042, -0.263, 0.964, -6.608
1727351268.498876810, 0.907, -0.414, 0.074, -77.808, 0.420, 0.891, -0.174, -57.431, 0.006, 0.189, 0.982, -6.657
1727351269.198845148, 0.925, -0.380, 0.005, -77.746, 0.374, 0.907, -0.192, -57.222, 0.069, 0.179, 0.981, -6.621
1727351270.297194004, 0.929, -0.366, 0.061, -77.602, 0.371, 0.913, -0.170, -57.024, 0.007, 0.180, 0.984, -6.606
1727351271.298634052, 0.880, -0.472, 0.057, -77.539, 0.475, 0.868, -0.144, -56.891, 0.018, 0.154, 0.988, -6.594
1727351272.300164461, 0.998, -0.013, 0.063, -77.576, 0.022, 0.988, -0.151, -56.953, -0.061, 0.152, 0.987, -6.604
1727351273.299103260, 0.896, 0.437, 0.081, -77.669, -0.423, 0.894, -0.147, -56.972, -0.137, 0.097, 0.986, -6.603
1727351274.298529387, 0.791, 0.609, 0.059, -77.845, -0.592, 0.787, -0.175, -57.020, -0.153, 0.104, 0.983, -6.588
1727351275.298720121, 0.765, 0.631, 0.124, -78.119, -0.605, 0.772, -0.194, -57.072, -0.218, 0.073, 0.973, -6.562
1727351276.299503803, 0.752, 0.630, 0.193, -78.308, -0.615, 0.776, -0.140, -57.090, -0.238, -0.014, 0.971, -6.544
1727351277.299308062, 0.744, 0.634, 0.212, -78.552, -0.615, 0.773, -0.156, -57.134, -0.263, -0.014, 0.965, -6.505
1727351278.298560381, 0.721, 0.666, 0.189, -78.893, -0.650, 0.745, -0.147, -57.167, -0.239, -0.017, 0.971, -6.452
1727351279.299258709, 0.691, 0.693, 0.206, -79.153, -0.674, 0.720, -0.162, -57.190, -0.261, -0.027, 0.965, -6.384
1727351280.296397924, 0.542, 0.801, 0.256, -79.309, -0.789, 0.589, -0.171, -57.178, -0.288, -0.109, 0.951, -6.368
1727351281.298940182, 0.505, 0.820, 0.268, -79.309, -0.818, 0.554, -0.153, -57.159, -0.275, -0.142, 0.951, -6.365
1727351282.296665192, 0.290, 0.929, 0.230, -79.311, -0.927, 0.332, -0.175, -57.143, -0.239, -0.163, 0.957, -6.371
1727351283.297753096, 0.478, 0.850, 0.221, -79.494, -0.839, 0.517, -0.172, -57.099, -0.260, -0.103, 0.960, -6.316
1727351284.299442053, 0.501, 0.825, 0.262, -79.918, -0.813, 0.552, -0.183, -57.093, -0.296, -0.122, 0.948, -6.198
1727351285.300016880, 0.582, 0.767, 0.271, -80.459, -0.752, 0.634, -0.179, -57.061, -0.309, -0.099, 0.946, -6.055
1727351286.298839331, 0.646, 0.740, 0.186, -81.113, -0.725, 0.671, -0.154, -57.028, -0.239, -0.036, 0.970, -5.919
1727351287.298508406, 0.703, 0.709, 0.052, -81.854, -0.703, 0.705, -0.097, -57.003, -0.105, 0.032, 0.994, -5.824
1727351288.299404383, 0.760, 0.649, 0.034, -82.620, -0.646, 0.760, -0.070, -56.996, -0.071, 0.031, 0.997, -5.814
1727351289.297788620, 0.995, 0.092, -0.042, -83.138, -0.090, 0.995, 0.032, -56.999, 0.044, -0.028, 0.999, -5.830
1727351290.199198723, 0.612, -0.790, -0.034, -83.228, 0.791, 0.610, 0.040, -57.088, -0.011, -0.051, 0.999, -5.820
1727351291.299515009, -0.024, -0.999, -0.030, -83.108, 1.000, -0.024, 0.013, -57.288, -0.014, -0.030, 0.999, -5.817
1727351292.196299791, -0.508, -0.861, -0.006, -82.775, 0.861, -0.508, -0.020, -57.566, 0.014, -0.016, 1.000, -5.823
1727351293.298392057, -0.668, -0.742, 0.053, -82.198, 0.741, -0.670, -0.045, -57.679, 0.069, 0.009, 0.998, -5.845
1727351294.298783541, -0.678, -0.712, 0.180, -81.578, 0.690, -0.702, -0.178, -57.795, 0.254, 0.003, 0.967, -5.906
1727351295.300433397, -0.593, -0.760, 0.268, -80.970, 0.715, -0.649, -0.260, -57.882, 0.371, 0.037, 0.928, -6.078
1727351296.300265074, -0.401, -0.886, 0.234, -80.451, 0.854, -0.454, -0.255, -58.021, 0.332, 0.098, 0.938, -6.254
1727351297.297981024, -0.279, -0.943, 0.180, -79.944, 0.928, -0.313, -0.204, -58.228, 0.249, 0.110, 0.962, -6.410
1727351298.298178434, -0.099, -0.985, 0.142, -79.573, 0.986, -0.117, -0.122, -58.477, 0.136, 0.127, 0.982, -6.531
1727351299.299339533, -0.236, -0.969, -0.077, -79.435, 0.969, -0.228, -0.096, -58.665, 0.076, -0.097, 0.992, -6.524
1727351300.299476385, -0.105, -0.968, -0.227, -79.247, 0.985, -0.133, 0.112, -58.772, -0.139, -0.211, 0.968, -6.541
1727351301.200852633, -0.299, -0.949, -0.094, -79.115, 0.943, -0.310, 0.122, -58.855, -0.145, -0.052, 0.988, -6.563
1727351302.298241854, -0.300, -0.951, -0.078, -79.117, 0.943, -0.308, 0.124, -58.860, -0.142, -0.037, 0.989, -6.563
1727351303.299319029, -0.300, -0.950, -0.081, -79.119, 0.943, -0.309, 0.125, -58.860, -0.143, -0.039, 0.989, -6.566
1727351304.198576212, -0.300, -0.950, -0.081, -79.120, 0.943, -0.309, 0.125, -58.862, -0.144, -0.039, 0.989, -6.564
1727351305.298943043, -0.300, -0.947, -0.114, -79.135, 0.941, -0.313, 0.124, -58.862, -0.153, -0.070, 0.986, -6.563
1727351306.299883366, -0.300, -0.943, -0.144, -79.154, 0.941, -0.317, 0.120, -58.857, -0.158, -0.100, 0.982, -6.563
1727351307.299666166, -0.298, -0.937, -0.183, -79.179, 0.940, -0.321, 0.112, -58.863, -0.164, -0.139, 0.977, -6.563
1727351343.702504635, -0.225, -0.949, 0.220, -79.665, 0.960, -0.254, -0.114, -59.026, 0.164, 0.186, 0.969, -6.626
1727351344.400854826, -0.216, -0.957, 0.195, -79.621, 0.965, -0.239, -0.105, -59.052, 0.148, 0.166, 0.975, -6.630
1727351345.501733303, -0.209, -0.953, 0.219, -79.655, 0.965, -0.238, -0.113, -59.041, 0.160, 0.188, 0.969, -6.637
1727351351.002131224, -0.229, -0.957, 0.181, -79.670, 0.963, -0.249, -0.099, -59.014, 0.140, 0.151, 0.979, -6.621
1727351351.802560568, -0.228, -0.956, 0.184, -79.672, 0.963, -0.249, -0.101, -59.023, 0.142, 0.155, 0.978, -6.620
1727351352.702006340, -0.248, -0.944, 0.218, -79.677, 0.951, -0.280, -0.130, -59.037, 0.183, 0.175, 0.967, -6.621
1727351353.702399731, -0.272, -0.937, 0.218, -79.681, 0.942, -0.306, -0.139, -59.039, 0.196, 0.167, 0.966, -6.625
1727351354.702255487, -0.264, -0.951, 0.162, -79.654, 0.952, -0.284, -0.117, -59.058, 0.157, 0.123, 0.980, -6.618
1727351355.702968597, -0.306, -0.927, 0.215, -79.668, 0.932, -0.338, -0.130, -59.049, 0.193, 0.161, 0.968, -6.632
1727351356.702647448, -0.306, -0.928, 0.214, -79.670, 0.932, -0.338, -0.129, -59.048, 0.192, 0.160, 0.968, -6.630
1727351357.803358316, -0.307, -0.927, 0.215, -79.665, 0.932, -0.339, -0.130, -59.048, 0.193, 0.160, 0.968, -6.629
1727351358.702023506, -0.308, -0.926, 0.217, -79.666, 0.931, -0.341, -0.134, -59.050, 0.198, 0.160, 0.967, -6.627
1727351359.702200174, -0.309, -0.925, 0.219, -79.673, 0.929, -0.343, -0.137, -59.049, 0.202, 0.161, 0.966, -6.629
1727351360.702040434, -0.323, -0.920, 0.222, -79.673, 0.923, -0.358, -0.142, -59.046, 0.210, 0.159, 0.965, -6.632
1727351361.702553034, -0.378, -0.922, 0.080, -79.530, 0.920, -0.383, -0.076, -59.121, 0.101, 0.045, 0.994, -6.573
1727351362.702968359, -0.421, -0.885, 0.199, -79.728, 0.871, -0.455, -0.183, -59.057, 0.252, 0.096, 0.963, -6.614
1727351363.703053474, -0.440, -0.869, 0.225, -79.721, 0.866, -0.477, -0.149, -59.042, 0.237, 0.130, 0.963, -6.624
1727351364.702573538, -0.441, -0.865, 0.238, -79.712, 0.869, -0.478, -0.128, -59.035, 0.225, 0.151, 0.963, -6.624
1727351365.703622103, -0.441, -0.865, 0.239, -79.716, 0.870, -0.477, -0.124, -59.034, 0.221, 0.153, 0.963, -6.625
1727351366.702867508, -0.441, -0.865, 0.239, -79.715, 0.870, -0.477, -0.124, -59.035, 0.221, 0.153, 0.963, -6.626
1727351367.703887939, -0.428, -0.852, 0.300, -79.682, 0.859, -0.487, -0.157, -59.058, 0.280, 0.190, 0.941, -6.621
1727351368.702476740, -0.477, -0.828, 0.296, -79.720, 0.827, -0.537, -0.170, -59.070, 0.299, 0.163, 0.940, -6.618
1727351369.702575207, -0.569, -0.777, 0.269, -79.789, 0.769, -0.619, -0.162, -59.059, 0.292, 0.115, 0.949, -6.568
1727351370.703486919, -0.711, -0.645, 0.281, -80.149, 0.658, -0.751, -0.059, -59.076, 0.249, 0.142, 0.958, -6.473
1727351371.703457355, -0.542, -0.765, 0.348, -80.472, 0.759, -0.623, -0.188, -59.202, 0.361, 0.162, 0.918, -6.438
1727351372.704812050, -0.039, -0.952, 0.304, -80.393, 0.954, -0.127, -0.272, -59.304, 0.298, 0.280, 0.913, -6.479
1727351373.706267118, 0.686, -0.718, 0.117, -80.218, 0.721, 0.648, -0.247, -59.424, 0.102, 0.254, 0.962, -6.556
1727351374.703396082, 0.847, -0.486, 0.217, -80.135, 0.530, 0.802, -0.274, -59.812, -0.040, 0.347, 0.937, -6.605
1727351375.702606916, 0.846, -0.498, 0.192, -80.175, 0.533, 0.807, -0.253, -59.951, -0.029, 0.317, 0.948, -6.619
1727351376.703402996, 0.826, -0.504, 0.255, -80.226, 0.562, 0.778, -0.282, -60.427, -0.056, 0.376, 0.925, -6.713
1727351377.703192711, 0.817, -0.532, 0.225, -80.271, 0.577, 0.767, -0.280, -60.726, -0.023, 0.359, 0.933, -6.760
1727351378.703090906, 0.896, -0.394, 0.204, -80.284, 0.441, 0.840, -0.315, -60.824, -0.047, 0.372, 0.927, -6.788
1727351379.702579021, 0.912, -0.361, 0.195, -80.303, 0.407, 0.855, -0.320, -60.884, -0.051, 0.371, 0.927, -6.795
1727351380.703340769, 0.908, -0.358, 0.218, -80.311, 0.413, 0.854, -0.317, -60.955, -0.073, 0.378, 0.923, -6.796
1727351381.703260422, 0.902, -0.349, 0.254, -80.311, 0.423, 0.833, -0.358, -61.032, -0.087, 0.430, 0.899, -6.813
1727351382.702708483, 0.896, -0.357, 0.265, -80.308, 0.436, 0.823, -0.365, -61.018, -0.087, 0.442, 0.893, -6.829
1727351383.703764677, 0.885, -0.431, 0.177, -80.150, 0.466, 0.832, -0.300, -60.565, -0.018, 0.348, 0.937, -6.755
1727351384.703193426, 0.877, -0.458, 0.144, -80.060, 0.480, 0.831, -0.281, -60.318, 0.009, 0.316, 0.949, -6.721
1727351385.702632904, 0.913, -0.399, 0.086, -79.977, 0.407, 0.876, -0.258, -60.015, 0.028, 0.270, 0.962, -6.683
1727351386.703332901, 0.997, -0.015, 0.070, -80.082, 0.036, 0.951, -0.307, -60.222, -0.062, 0.308, 0.949, -6.712
1727351387.704167128, 0.997, 0.052, 0.062, -80.075, -0.027, 0.935, -0.354, -60.269, -0.076, 0.352, 0.933, -6.714
1727351388.705642700, 0.985, 0.152, 0.075, -80.299, -0.121, 0.941, -0.316, -60.541, -0.119, 0.303, 0.946, -6.740
1727351389.706885576, 0.962, 0.266, 0.067, -80.291, -0.239, 0.933, -0.269, -60.562, -0.134, 0.242, 0.961, -6.758
1727351390.705317020, 0.855, 0.515, 0.053, -80.278, -0.484, 0.832, -0.271, -60.634, -0.184, 0.206, 0.961, -6.782
1727351391.706029654, 0.845, 0.534, 0.027, -80.193, -0.509, 0.820, -0.262, -60.617, -0.162, 0.208, 0.965, -6.777
1727351392.705492973, 0.845, 0.534, 0.027, -80.194, -0.509, 0.820, -0.262, -60.618, -0.162, 0.208, 0.965, -6.777
1727351393.805219889, 0.846, 0.532, -0.024, -80.216, -0.517, 0.810, -0.276, -60.614, -0.127, 0.246, 0.961, -6.772
1727351394.705168486, 0.840, 0.529, 0.118, -80.145, -0.495, 0.838, -0.229, -60.597, -0.220, 0.134, 0.966, -6.793
1727351395.704839230, 0.839, 0.531, 0.124, -80.137, -0.497, 0.838, -0.227, -60.587, -0.224, 0.129, 0.966, -6.793
1727351396.705248117, 0.838, 0.531, 0.125, -80.150, -0.497, 0.838, -0.227, -60.604, -0.225, 0.129, 0.966, -6.790
1727351397.804654360, 0.834, 0.537, 0.125, -80.136, -0.503, 0.834, -0.228, -60.597, -0.226, 0.128, 0.966, -6.792
1727351398.703576565, 0.738, 0.658, 0.148, -80.165, -0.625, 0.750, -0.216, -60.589, -0.253, 0.067, 0.965, -6.791
1727351399.805335522, 0.647, 0.705, 0.291, -80.470, -0.666, 0.708, -0.235, -60.731, -0.372, -0.042, 0.927, -6.718
1727351400.705012083, 0.601, 0.746, 0.285, -80.302, -0.731, 0.658, -0.181, -60.758, -0.322, -0.100, 0.941, -6.774
1727351401.604887724, 0.089, 0.978, 0.190, -80.247, -0.945, 0.143, -0.293, -60.825, -0.314, -0.153, 0.937, -6.824
1727351402.706693172, 0.260, 0.922, 0.288, -80.463, -0.926, 0.323, -0.197, -60.634, -0.274, -0.215, 0.937, -6.726
1727351403.704634428, -0.064, 0.980, 0.186, -80.358, -0.955, -0.007, -0.295, -60.724, -0.288, -0.197, 0.937, -6.786
1727351404.707901239, 0.306, 0.909, 0.281, -80.439, -0.898, 0.374, -0.232, -60.679, -0.316, -0.181, 0.931, -6.770
1727351405.704101562, 0.302, 0.903, 0.305, -80.435, -0.895, 0.378, -0.234, -60.683, -0.327, -0.203, 0.923, -6.786
1727351406.605552197, 0.316, 0.895, 0.315, -80.430, -0.887, 0.397, -0.237, -60.688, -0.337, -0.205, 0.919, -6.782
1727351407.705007315, 0.330, 0.887, 0.325, -80.441, -0.875, 0.416, -0.248, -60.681, -0.355, -0.202, 0.913, -6.786
1727351408.704976797, 0.330, 0.887, 0.324, -80.444, -0.875, 0.416, -0.249, -60.684, -0.356, -0.201, 0.913, -6.784
1727351409.705106735, 0.330, 0.886, 0.324, -80.441, -0.874, 0.417, -0.249, -60.678, -0.356, -0.201, 0.913, -6.785
1727351410.705471754, 0.330, 0.887, 0.323, -80.443, -0.874, 0.416, -0.250, -60.681, -0.356, -0.200, 0.913, -6.785
1727351411.705077887, 0.331, 0.888, 0.319, -80.443, -0.875, 0.415, -0.250, -60.680, -0.354, -0.196, 0.914, -6.787
1727351412.705212355, 0.330, 0.888, 0.319, -80.440, -0.875, 0.415, -0.250, -60.680, -0.354, -0.196, 0.914, -6.782
1727351413.705430031, 0.330, 0.888, 0.319, -80.445, -0.875, 0.415, -0.249, -60.685, -0.354, -0.197, 0.914, -6.780
1727351414.705147743, 0.330, 0.883, 0.333, -80.426, -0.872, 0.420, -0.252, -60.689, -0.362, -0.208, 0.909, -6.777
1727351415.704896927, 0.304, 0.854, 0.422, -80.386, -0.854, 0.441, -0.277, -60.716, -0.422, -0.276, 0.863, -6.762
1727351416.704640627, 0.354, 0.832, 0.426, -80.425, -0.817, 0.497, -0.292, -60.745, -0.455, -0.245, 0.856, -6.751
1727351417.704393625, 0.352, 0.834, 0.425, -80.430, -0.819, 0.494, -0.292, -60.750, -0.454, -0.245, 0.857, -6.750
1727351418.704538345, 0.351, 0.834, 0.425, -80.431, -0.819, 0.494, -0.292, -60.756, -0.453, -0.246, 0.857, -6.747
1727351419.604383945, 0.358, 0.841, 0.405, -80.438, -0.824, 0.488, -0.287, -60.742, -0.439, -0.231, 0.868, -6.755
1727351420.704113483, 0.364, 0.850, 0.382, -80.453, -0.831, 0.481, -0.280, -60.742, -0.422, -0.216, 0.881, -6.755
1727351421.704105854, 0.364, 0.850, 0.381, -80.454, -0.831, 0.481, -0.280, -60.739, -0.421, -0.215, 0.881, -6.757
1727351422.704430342, 0.364, 0.852, 0.375, -80.459, -0.834, 0.478, -0.277, -60.742, -0.415, -0.212, 0.885, -6.755
1727351423.704526663, 0.368, 0.859, 0.357, -80.461, -0.841, 0.471, -0.266, -60.725, -0.397, -0.203, 0.895, -6.762
1727351424.706905603, 0.151, 0.951, 0.270, -80.399, -0.918, 0.236, -0.319, -60.727, -0.367, -0.200, 0.908, -6.776
1727351425.704779625, 0.044, 0.969, 0.244, -80.376, -0.939, 0.123, -0.322, -60.722, -0.342, -0.215, 0.915, -6.781
1727351426.706590176, 0.318, 0.884, 0.343, -80.445, -0.877, 0.412, -0.248, -60.687, -0.360, -0.221, 0.906, -6.761
1727351427.703634739, 0.537, 0.761, 0.365, -80.372, -0.775, 0.615, -0.142, -60.739, -0.333, -0.206, 0.920, -6.776
1727351428.704314947, -0.029, 0.979, 0.203, -80.311, -0.949, 0.037, -0.312, -60.777, -0.313, -0.202, 0.928, -6.804
1727351429.705535412, -0.008, 0.974, 0.228, -80.337, -0.949, 0.064, -0.308, -60.744, -0.314, -0.219, 0.924, -6.790
1727351430.808183670, 0.406, 0.845, 0.349, -80.422, -0.845, 0.492, -0.209, -60.717, -0.348, -0.210, 0.914, -6.780
1727351431.705818892, 0.440, 0.830, 0.344, -80.401, -0.831, 0.521, -0.196, -60.719, -0.342, -0.200, 0.918, -6.789
1727351432.608844519, 0.147, 0.957, 0.250, -80.358, -0.932, 0.218, -0.289, -60.741, -0.331, -0.191, 0.924, -6.790
1727351433.706212997, -0.010, 0.976, 0.217, -80.335, -0.948, 0.060, -0.314, -60.743, -0.320, -0.208, 0.924, -6.803
1727351434.708344698, 0.296, 0.911, 0.286, -80.393, -0.900, 0.367, -0.236, -60.715, -0.320, -0.188, 0.929, -6.787
1727351435.704649687, 0.378, 0.870, 0.317, -80.400, -0.861, 0.456, -0.227, -60.727, -0.342, -0.187, 0.921, -6.791
1727351436.706461668, 0.375, 0.870, 0.320, -80.417, -0.862, 0.454, -0.223, -60.710, -0.340, -0.192, 0.921, -6.794
1727351437.706149101, 0.375, 0.870, 0.320, -80.420, -0.862, 0.454, -0.224, -60.713, -0.340, -0.192, 0.921, -6.796
1727351438.705971956, 0.376, 0.870, 0.319, -80.420, -0.862, 0.455, -0.224, -60.719, -0.340, -0.191, 0.921, -6.790
1727351439.706385136, 0.376, 0.870, 0.320, -80.421, -0.862, 0.455, -0.223, -60.718, -0.339, -0.192, 0.921, -6.788
1727351440.705514431, 0.352, 0.884, 0.309, -80.417, -0.874, 0.428, -0.231, -60.716, -0.336, -0.188, 0.923, -6.792
1727351441.704712629, 0.203, 0.945, 0.255, -80.396, -0.921, 0.273, -0.277, -60.727, -0.332, -0.179, 0.926, -6.795
1727351442.707983971, 0.359, 0.879, 0.315, -80.421, -0.873, 0.436, -0.220, -60.714, -0.330, -0.196, 0.923, -6.789
1727351443.706872702, 0.401, 0.860, 0.317, -80.397, -0.858, 0.474, -0.201, -60.727, -0.323, -0.191, 0.927, -6.795
1727351444.804898262, 0.108, 0.966, 0.234, -80.376, -0.936, 0.178, -0.304, -60.756, -0.336, -0.186, 0.923, -6.795
1727351445.707575560, 0.108, 0.966, 0.235, -80.373, -0.936, 0.178, -0.304, -60.751, -0.336, -0.187, 0.923, -6.795
1727351446.707160234, 0.108, 0.966, 0.236, -80.384, -0.936, 0.178, -0.304, -60.764, -0.335, -0.188, 0.923, -6.797
1727351447.707872868, 0.107, 0.966, 0.236, -80.382, -0.936, 0.178, -0.304, -60.758, -0.336, -0.189, 0.923, -6.800
1727351448.707646608, 0.107, 0.966, 0.236, -80.380, -0.936, 0.178, -0.303, -60.765, -0.335, -0.188, 0.923, -6.795
1727351449.707881927, 0.108, 0.966, 0.236, -80.381, -0.936, 0.178, -0.303, -60.763, -0.335, -0.188, 0.923, -6.793
1727351450.708361864, 0.108, 0.966, 0.235, -80.379, -0.936, 0.178, -0.303, -60.755, -0.335, -0.188, 0.923, -6.796
1727351451.707201004, 0.247, 0.927, 0.281, -80.402, -0.918, 0.317, -0.239, -60.712, -0.310, -0.198, 0.930, -6.790
1727351452.708966255, 0.240, 0.938, 0.252, -80.400, -0.916, 0.304, -0.261, -60.748, -0.321, -0.168, 0.932, -6.796
1727351453.703745127, 0.368, 0.874, 0.317, -80.409, -0.870, 0.444, -0.217, -60.730, -0.330, -0.196, 0.923, -6.791
1727351454.710262299, 0.430, 0.843, 0.323, -80.410, -0.846, 0.501, -0.183, -60.723, -0.316, -0.195, 0.928, -6.786
1727351455.710631371, 0.269, 0.926, 0.267, -80.414, -0.908, 0.336, -0.252, -60.743, -0.322, -0.174, 0.930, -6.796
1727351456.605964899, -0.060, 0.977, 0.205, -80.326, -0.946, 0.009, -0.324, -60.762, -0.318, -0.214, 0.924, -6.796
1727351457.710607767, 0.252, 0.926, 0.282, -80.404, -0.914, 0.323, -0.245, -60.709, -0.318, -0.196, 0.928, -6.783
1727351458.707462788, 0.252, 0.926, 0.282, -80.407, -0.913, 0.324, -0.247, -60.706, -0.320, -0.196, 0.927, -6.785
1727351459.708355904, 0.253, 0.926, 0.282, -80.410, -0.913, 0.324, -0.247, -60.710, -0.320, -0.195, 0.927, -6.782
1727351460.708571672, 0.252, 0.926, 0.282, -80.406, -0.913, 0.324, -0.247, -60.706, -0.320, -0.196, 0.927, -6.788
1727351461.708434820, 0.251, 0.925, 0.284, -80.408, -0.913, 0.324, -0.247, -60.703, -0.321, -0.197, 0.926, -6.787
1727351462.708518505, 0.251, 0.925, 0.284, -80.411, -0.913, 0.324, -0.248, -60.705, -0.321, -0.197, 0.926, -6.790
1727351463.709182262, 0.379, 0.867, 0.323, -80.409, -0.866, 0.456, -0.206, -60.715, -0.326, -0.201, 0.924, -6.796
1727351464.709265709, 0.368, 0.874, 0.318, -80.364, -0.869, 0.445, -0.215, -60.736, -0.330, -0.198, 0.923, -6.794
1727351465.709216356, 0.363, 0.877, 0.316, -80.429, -0.872, 0.439, -0.216, -60.727, -0.328, -0.198, 0.924, -6.784
1727351466.709129333, 0.349, 0.881, 0.320, -80.443, -0.869, 0.432, -0.242, -60.738, -0.352, -0.194, 0.916, -6.792
1727351467.709042311, 0.348, 0.882, 0.319, -80.446, -0.869, 0.431, -0.243, -60.737, -0.351, -0.192, 0.916, -6.791
1727351468.708764791, 0.350, 0.881, 0.320, -80.473, -0.868, 0.433, -0.242, -60.726, -0.352, -0.193, 0.916, -6.786
1727351469.708722115, 0.374, 0.910, 0.180, -80.518, -0.892, 0.406, -0.198, -60.708, -0.253, -0.087, 0.964, -6.730
1727351470.708894014, 0.378, 0.893, 0.244, -80.573, -0.882, 0.428, -0.199, -60.689, -0.282, -0.140, 0.949, -6.697
1727351471.709578514, 0.392, 0.870, 0.299, -80.765, -0.874, 0.453, -0.174, -60.609, -0.287, -0.193, 0.938, -6.596
1727351472.809695482, 0.289, 0.917, 0.274, -80.998, -0.906, 0.354, -0.232, -60.520, -0.310, -0.182, 0.933, -6.522
1727351473.709252834, 0.361, 0.872, 0.331, -81.130, -0.876, 0.439, -0.200, -60.448, -0.320, -0.218, 0.922, -6.473
1727351474.708766937, 0.417, 0.858, 0.301, -81.384, -0.891, 0.451, -0.052, -60.274, -0.180, -0.247, 0.952, -6.331
1727351475.811136961, 0.501, 0.804, 0.322, -81.468, -0.815, 0.563, -0.138, -60.359, -0.292, -0.193, 0.937, -6.302
1727351476.708782911, 0.504, 0.788, 0.353, -81.560, -0.780, 0.591, -0.204, -60.397, -0.370, -0.173, 0.913, -6.269
1727351477.709593534, 0.550, 0.744, 0.379, -81.615, -0.743, 0.643, -0.185, -60.412, -0.382, -0.180, 0.907, -6.255
1727351478.809051514, 0.554, 0.743, 0.377, -81.629, -0.749, 0.642, -0.164, -60.402, -0.363, -0.191, 0.912, -6.257
1727351479.709265471, 0.555, 0.742, 0.376, -81.636, -0.748, 0.643, -0.167, -60.395, -0.365, -0.188, 0.912, -6.262
1727351480.709440231, 0.590, 0.739, 0.324, -81.472, -0.723, 0.663, -0.195, -60.452, -0.359, -0.119, 0.926, -6.345
1727351481.709211349, 0.445, 0.847, 0.292, -81.266, -0.819, 0.517, -0.249, -60.484, -0.362, -0.128, 0.923, -6.459
1727351482.708807945, 0.350, 0.901, 0.257, -81.127, -0.884, 0.408, -0.228, -60.500, -0.311, -0.147, 0.939, -6.508
1727351483.707952261, 0.203, 0.947, 0.248, -80.991, -0.936, 0.262, -0.235, -60.544, -0.288, -0.184, 0.940, -6.557
1727351484.708073139, 0.109, 0.959, 0.261, -80.956, -0.963, 0.167, -0.212, -60.564, -0.247, -0.228, 0.942, -6.568
1727351485.708699226, 0.124, 0.957, 0.262, -80.997, -0.961, 0.181, -0.209, -60.526, -0.247, -0.226, 0.942, -6.546
1727351486.709309101, 0.129, 0.957, 0.260, -80.967, -0.956, 0.190, -0.224, -60.554, -0.264, -0.220, 0.939, -6.563
1727351487.709967136, 0.204, 0.940, 0.274, -81.010, -0.940, 0.267, -0.214, -60.488, -0.274, -0.214, 0.938, -6.545
1727351488.709387302, 0.138, 0.955, 0.262, -80.831, -0.965, 0.189, -0.183, -60.596, -0.224, -0.228, 0.948, -6.612
1727351489.709174633, 0.066, 0.965, 0.256, -80.749, -0.973, 0.119, -0.196, -60.668, -0.219, -0.236, 0.947, -6.640
1727351490.709652185, 0.095, 0.957, 0.273, -80.753, -0.970, 0.150, -0.189, -60.637, -0.221, -0.247, 0.943, -6.639
1727351491.709715605, 0.145, 0.947, 0.287, -80.750, -0.963, 0.202, -0.179, -60.624, -0.228, -0.250, 0.941, -6.648
1727351492.609384537, 0.149, 0.945, 0.292, -80.744, -0.962, 0.206, -0.179, -60.610, -0.229, -0.254, 0.940, -6.651
1727351493.708847761, 0.154, 0.943, 0.295, -80.763, -0.960, 0.213, -0.179, -60.615, -0.232, -0.255, 0.939, -6.642
1727351494.708560705, 0.154, 0.944, 0.293, -80.760, -0.960, 0.213, -0.181, -60.610, -0.234, -0.254, 0.939, -6.645
1727351495.709078789, 0.154, 0.944, 0.293, -80.755, -0.960, 0.213, -0.180, -60.609, -0.233, -0.253, 0.939, -6.645
1727351496.709289789, 0.155, 0.944, 0.293, -80.771, -0.960, 0.214, -0.181, -60.601, -0.233, -0.253, 0.939, -6.645
1727351497.710604668, 0.155, 0.943, 0.293, -80.769, -0.960, 0.214, -0.179, -60.609, -0.232, -0.254, 0.939, -6.643
1727351498.710326910, 0.155, 0.943, 0.294, -80.765, -0.960, 0.214, -0.179, -60.604, -0.232, -0.254, 0.939, -6.651
1727351499.710179567, 0.153, 0.943, 0.295, -80.752, -0.960, 0.212, -0.181, -60.609, -0.233, -0.256, 0.938, -6.651
1727351500.710111618, 0.159, 0.952, 0.261, -80.726, -0.962, 0.209, -0.177, -60.637, -0.223, -0.223, 0.949, -6.657
1727351501.709395647, 0.161, 0.943, 0.291, -80.777, -0.956, 0.222, -0.191, -60.602, -0.245, -0.247, 0.938, -6.639
1727351502.709758520, 0.128, 0.971, 0.201, -80.597, -0.969, 0.166, -0.184, -60.749, -0.212, -0.172, 0.962, -6.691
1727351503.709450960, 0.087, 0.974, 0.209, -80.389, -0.983, 0.118, -0.140, -60.903, -0.161, -0.193, 0.968, -6.785
1727351504.709738493, 0.080, 0.979, 0.188, -80.315, -0.981, 0.110, -0.157, -60.989, -0.174, -0.172, 0.970, -6.826
1727351505.710531235, -0.034, 0.982, 0.186, -80.224, -0.988, -0.005, -0.156, -61.084, -0.152, -0.189, 0.970, -6.874
1727351506.710326195, -0.137, 0.975, 0.173, -80.180, -0.976, -0.104, -0.191, -61.166, -0.169, -0.195, 0.966, -6.893
1727351507.709771633, -0.097, 0.975, 0.202, -80.215, -0.983, -0.063, -0.170, -61.080, -0.153, -0.215, 0.965, -6.877
1727351508.709855080, -0.057, 0.975, 0.215, -80.234, -0.986, -0.022, -0.163, -61.042, -0.154, -0.222, 0.963, -6.865
1727351509.709792376, -0.055, 0.975, 0.217, -80.241, -0.987, -0.021, -0.158, -61.040, -0.149, -0.223, 0.963, -6.862
1727351510.709600925, -0.056, 0.975, 0.215, -80.237, -0.987, -0.021, -0.162, -61.041, -0.153, -0.222, 0.963, -6.857
1727351511.709861279, -0.054, 0.974, 0.219, -80.240, -0.989, -0.021, -0.149, -61.039, -0.141, -0.225, 0.964, -6.858
1727351512.709745407, -0.075, 0.982, 0.176, -80.178, -0.978, -0.039, -0.203, -61.176, -0.192, -0.187, 0.963, -6.892
1727351513.709719181, -0.075, 0.982, 0.176, -80.169, -0.978, -0.039, -0.204, -61.168, -0.193, -0.187, 0.963, -6.893
1727351514.709600449, -0.075, 0.982, 0.175, -80.170, -0.978, -0.039, -0.203, -61.171, -0.192, -0.187, 0.963, -6.896
1727351515.709523678, -0.074, 0.982, 0.176, -80.170, -0.979, -0.038, -0.202, -61.173, -0.192, -0.188, 0.963, -6.894
1727351516.709930420, -0.076, 0.981, 0.177, -80.177, -0.978, -0.039, -0.203, -61.177, -0.192, -0.188, 0.963, -6.892
1727351517.710477829, -0.076, 0.981, 0.177, -80.179, -0.978, -0.039, -0.203, -61.169, -0.192, -0.189, 0.963, -6.893
1727351518.711119413, -0.132, 0.975, 0.178, -80.168, -0.975, -0.095, -0.198, -61.188, -0.176, -0.200, 0.964, -6.899
1727351519.710536242, -0.155, 0.972, 0.177, -80.157, -0.973, -0.118, -0.198, -61.200, -0.172, -0.203, 0.964, -6.905
1727351520.710776329, -0.155, 0.972, 0.179, -80.157, -0.973, -0.119, -0.199, -61.202, -0.172, -0.205, 0.963, -6.904
1727351521.710851192, -0.155, 0.971, 0.183, -80.153, -0.972, -0.117, -0.202, -61.206, -0.175, -0.209, 0.962, -6.904
1727351522.710821152, -0.158, 0.969, 0.191, -80.149, -0.971, -0.117, -0.211, -61.209, -0.182, -0.219, 0.959, -6.910
1727351523.710983753, -0.165, 0.964, 0.210, -80.145, -0.965, -0.114, -0.235, -61.227, -0.203, -0.241, 0.949, -6.913
1727351524.711251974, -0.166, 0.963, 0.212, -80.145, -0.965, -0.114, -0.237, -61.226, -0.204, -0.244, 0.948, -6.914
1727351525.711272478, -0.166, 0.963, 0.213, -80.145, -0.965, -0.114, -0.237, -61.223, -0.204, -0.245, 0.948, -6.918
1727351527.011036396, -0.166, 0.963, 0.214, -80.145, -0.965, -0.114, -0.236, -61.222, -0.203, -0.246, 0.948, -6.917
1727351531.111083984, -0.163, 0.954, 0.253, -80.126, -0.955, -0.088, -0.282, -61.250, -0.246, -0.287, 0.926, -6.895
1727351531.811818361, -0.080, 0.970, 0.228, -80.274, -0.984, -0.040, -0.173, -61.011, -0.159, -0.238, 0.958, -6.822
1727351532.812854290, -0.186, 0.958, 0.219, -80.249, -0.961, -0.131, -0.242, -61.066, -0.203, -0.256, 0.945, -6.846
1727351533.812881947, -0.132, 0.964, 0.229, -80.203, -0.974, -0.083, -0.211, -61.115, -0.185, -0.251, 0.950, -6.865
1727351534.711709738, -0.078, 0.977, 0.198, -80.079, -0.972, -0.031, -0.231, -61.311, -0.220, -0.210, 0.953, -6.942
1727351535.811295748, -0.071, 0.978, 0.197, -80.088, -0.973, -0.025, -0.230, -61.295, -0.220, -0.208, 0.953, -6.951
1727351536.812089920, -0.084, 0.983, 0.166, -79.963, -0.974, -0.046, -0.221, -61.448, -0.210, -0.180, 0.961, -6.994
1727351537.812063456, -0.085, 0.984, 0.157, -79.956, -0.973, -0.048, -0.225, -61.469, -0.213, -0.172, 0.962, -7.007
1727351538.812088490, -0.079, 0.985, 0.153, -79.949, -0.975, -0.045, -0.218, -61.476, -0.208, -0.167, 0.964, -7.011
1727351539.813299417, -0.491, 0.865, 0.101, -79.895, -0.852, -0.452, -0.266, -61.617, -0.184, -0.216, 0.959, -7.047
1727351540.812078476, -0.459, 0.880, 0.121, -79.915, -0.869, -0.416, -0.266, -61.515, -0.184, -0.227, 0.956, -7.014
1727351541.811790228, -0.223, 0.960, 0.171, -80.035, -0.942, -0.167, -0.291, -61.275, -0.250, -0.226, 0.941, -6.948
1727351542.807337761, -0.322, 0.937, 0.138, -79.994, -0.917, -0.273, -0.290, -61.313, -0.234, -0.220, 0.947, -6.975
1727351543.813905716, -0.206, 0.965, 0.165, -80.018, -0.947, -0.154, -0.283, -61.258, -0.248, -0.214, 0.945, -6.954
1727351544.811631441, -0.200, 0.971, 0.135, -79.937, -0.958, -0.165, -0.233, -61.372, -0.204, -0.176, 0.963, -6.988
1727351545.811857700, -0.200, 0.971, 0.134, -79.938, -0.958, -0.165, -0.233, -61.377, -0.204, -0.175, 0.963, -6.986
1727351546.811936140, -0.201, 0.973, 0.117, -79.912, -0.962, -0.173, -0.212, -61.409, -0.186, -0.155, 0.970, -7.000
1727351547.812835932, -0.531, 0.843, 0.087, -79.899, -0.823, -0.490, -0.287, -61.555, -0.200, -0.224, 0.954, -7.034
1727351548.811808109, -0.455, 0.883, 0.116, -79.933, -0.865, -0.407, -0.293, -61.376, -0.212, -0.234, 0.949, -6.986
1727351549.811653376, -0.315, 0.934, 0.166, -80.067, -0.916, -0.254, -0.309, -61.062, -0.246, -0.250, 0.936, -6.874
1727351550.812760592, -0.286, 0.944, 0.161, -80.115, -0.918, -0.222, -0.329, -61.044, -0.275, -0.242, 0.931, -6.861
1727351551.812485218, -0.290, 0.944, 0.158, -80.121, -0.916, -0.226, -0.333, -61.033, -0.279, -0.241, 0.930, -6.861
1727351552.811955929, -0.289, 0.944, 0.158, -80.122, -0.916, -0.225, -0.334, -61.031, -0.279, -0.241, 0.929, -6.861
1727351553.811953783, -0.279, 0.947, 0.162, -80.052, -0.941, -0.236, -0.242, -61.096, -0.191, -0.220, 0.957, -6.901
1727351554.811502934, -0.279, 0.947, 0.161, -80.053, -0.941, -0.237, -0.240, -61.096, -0.189, -0.219, 0.957, -6.900
1727351555.812247992, -0.315, 0.936, 0.158, -80.042, -0.930, -0.271, -0.249, -61.101, -0.190, -0.225, 0.956, -6.907
1727351556.812127590, -0.343, 0.926, 0.156, -80.043, -0.920, -0.297, -0.257, -61.114, -0.192, -0.232, 0.954, -6.904
1727351557.812427521, -0.298, 0.942, 0.155, -80.107, -0.915, -0.237, -0.326, -61.012, -0.270, -0.239, 0.933, -6.862
1727351558.812367439, -0.296, 0.943, 0.152, -80.113, -0.914, -0.233, -0.331, -61.015, -0.277, -0.237, 0.931, -6.861
1727351559.812881470, -0.295, 0.943, 0.151, -80.111, -0.914, -0.233, -0.331, -61.020, -0.277, -0.236, 0.931, -6.860
1727351560.812563419, -0.296, 0.943, 0.150, -80.110, -0.915, -0.235, -0.329, -61.016, -0.275, -0.234, 0.932, -6.866
1727351561.812830210, -0.297, 0.943, 0.149, -80.104, -0.915, -0.236, -0.327, -61.011, -0.273, -0.233, 0.933, -6.869
1727351562.812801361, -0.297, 0.943, 0.148, -80.102, -0.916, -0.238, -0.323, -61.017, -0.270, -0.232, 0.935, -6.872
1727351563.812186241, -0.298, 0.943, 0.148, -80.104, -0.916, -0.238, -0.323, -61.015, -0.270, -0.232, 0.935, -6.876
1727351564.809961557, -0.550, 0.825, 0.129, -80.021, -0.817, -0.499, -0.288, -61.092, -0.173, -0.264, 0.949, -6.909
1727351565.812142611, -0.609, 0.782, 0.131, -80.003, -0.781, -0.563, -0.270, -61.108, -0.137, -0.267, 0.954, -6.906
1727351566.813282490, -0.509, 0.851, 0.131, -80.049, -0.845, -0.465, -0.264, -60.862, -0.164, -0.245, 0.956, -6.846
1727351567.812843800, -0.505, 0.853, 0.129, -80.044, -0.847, -0.461, -0.266, -60.859, -0.167, -0.244, 0.955, -6.844
1727351568.813089609, -0.511, 0.851, 0.121, -80.002, -0.843, -0.469, -0.263, -61.106, -0.167, -0.237, 0.957, -6.913
1727351569.812744141, -0.499, 0.861, 0.100, -79.927, -0.851, -0.465, -0.242, -61.375, -0.162, -0.206, 0.965, -6.994
1727351570.813364267, -0.494, 0.864, 0.099, -79.930, -0.855, -0.462, -0.236, -61.379, -0.158, -0.201, 0.967, -7.000
1727351571.713330507, -0.495, 0.863, 0.100, -79.936, -0.855, -0.463, -0.236, -61.382, -0.157, -0.202, 0.967, -6.998
1727351572.812983513, -0.494, 0.864, 0.102, -79.932, -0.856, -0.462, -0.233, -61.373, -0.154, -0.202, 0.967, -7.001
1727351573.712989330, -0.492, 0.864, 0.105, -79.929, -0.858, -0.461, -0.227, -61.371, -0.148, -0.201, 0.968, -6.999
1727351574.812740326, -0.491, 0.865, 0.104, -79.922, -0.858, -0.461, -0.226, -61.367, -0.147, -0.200, 0.969, -7.001
1727351575.812157393, -0.488, 0.866, 0.105, -79.913, -0.860, -0.457, -0.225, -61.359, -0.147, -0.200, 0.969, -7.003
1727351576.813265800, -0.487, 0.867, 0.105, -79.915, -0.861, -0.456, -0.225, -61.367, -0.147, -0.200, 0.969, -7.006
1727351614.013938904, -0.628, 0.767, 0.133, -79.928, -0.760, -0.567, -0.318, -61.099, -0.169, -0.301, 0.939, -6.894
1727351614.714092016, -0.742, 0.667, 0.068, -79.944, -0.628, -0.656, -0.418, -60.883, -0.234, -0.353, 0.906, -6.812
1727351615.711952448, -0.956, 0.278, 0.088, -79.803, -0.291, -0.878, -0.380, -60.739, -0.029, -0.389, 0.921, -6.805
1727351616.715650558, -0.939, 0.327, 0.102, -79.934, -0.342, -0.909, -0.236, -60.949, 0.015, -0.257, 0.966, -6.881
1727351617.711899757, -0.680, 0.713, 0.171, -79.938, -0.723, -0.614, -0.316, -61.047, -0.120, -0.339, 0.933, -6.913
1727351618.717774153, -0.514, 0.841, 0.166, -79.944, -0.844, -0.463, -0.270, -61.102, -0.150, -0.279, 0.948, -6.931
1727351619.714379549, -0.691, 0.707, 0.150, -79.919, -0.713, -0.631, -0.307, -60.954, -0.122, -0.319, 0.940, -6.896
1727351620.716331005, -0.332, 0.933, 0.135, -79.960, -0.931, -0.302, -0.206, -61.128, -0.151, -0.194, 0.969, -6.945
1727351621.717464685, -0.450, 0.872, 0.194, -79.954, -0.876, -0.388, -0.287, -61.071, -0.175, -0.299, 0.938, -6.888
1727351622.718445301, -0.539, 0.837, 0.099, -80.097, -0.812, -0.484, -0.325, -60.787, -0.223, -0.256, 0.941, -6.795
1727351623.613227367, -0.599, 0.795, 0.092, -80.082, -0.780, -0.555, -0.289, -60.769, -0.178, -0.245, 0.953, -6.813
1727351624.619435787, -0.419, 0.899, 0.126, -80.081, -0.881, -0.369, -0.295, -60.855, -0.219, -0.235, 0.947, -6.843
1727351625.712428093, -0.661, 0.747, 0.068, -80.082, -0.735, -0.626, -0.261, -60.712, -0.152, -0.223, 0.963, -6.800
1727351626.718761921, -0.387, 0.911, 0.139, -80.081, -0.894, -0.335, -0.297, -60.844, -0.224, -0.239, 0.945, -6.844
1727351627.714549780, -0.848, 0.530, 0.016, -80.042, -0.515, -0.816, -0.263, -60.531, -0.127, -0.231, 0.965, -6.743
1727351628.716217518, -0.971, 0.238, 0.037, -79.820, -0.241, -0.955, -0.172, -60.081, -0.006, -0.176, 0.984, -6.664
1727351629.718576193, -0.716, 0.694, 0.079, -79.805, -0.697, -0.704, -0.137, -59.949, -0.039, -0.154, 0.987, -6.686
1727351630.714622259, -0.734, 0.651, 0.194, -79.633, -0.673, -0.734, -0.084, -59.471, 0.088, -0.192, 0.977, -6.627
1727351631.716897964, -0.761, 0.619, 0.194, -79.582, -0.645, -0.752, -0.132, -58.866, 0.064, -0.225, 0.972, -6.577
1727351632.715741396, -0.787, 0.589, 0.182, -79.470, -0.614, -0.776, -0.145, -58.219, 0.056, -0.226, 0.973, -6.492
1727351633.716590881, -0.793, 0.555, 0.251, -79.287, -0.599, -0.784, -0.159, -57.579, 0.108, -0.276, 0.955, -6.423
1727351634.715850115, -0.657, 0.711, 0.250, -79.196, -0.752, -0.643, -0.148, -57.051, 0.055, -0.285, 0.957, -6.360
1727351635.715927124, -0.597, 0.765, 0.242, -79.224, -0.802, -0.564, -0.197, -56.514, -0.014, -0.312, 0.950, -6.241
1727351636.715800047, -0.572, 0.775, 0.270, -79.231, -0.818, -0.512, -0.263, -56.054, -0.065, -0.371, 0.926, -6.139
1727351637.716120005, -0.366, 0.868, 0.334, -79.249, -0.924, -0.298, -0.238, -55.700, -0.107, -0.396, 0.912, -6.040
1727351638.715351105, -0.228, 0.937, 0.263, -79.480, -0.968, -0.191, -0.161, -55.235, -0.101, -0.292, 0.951, -5.883
1727351639.715894461, 0.063, 0.997, 0.055, -79.961, -0.997, 0.065, -0.044, -54.759, -0.048, -0.052, 0.998, -5.779
1727351640.716784000, 0.363, 0.931, -0.036, -80.534, -0.931, 0.364, 0.002, -54.424, 0.015, 0.033, 0.999, -5.763
1727351641.716558695, -0.077, 0.993, -0.084, -80.902, -0.996, -0.074, 0.041, -54.136, 0.034, 0.087, 0.996, -5.789
1727351642.716044903, -0.191, 0.978, -0.089, -81.241, -0.981, -0.194, -0.031, -53.630, -0.047, 0.081, 0.996, -5.813
1727351643.716399193, -0.248, 0.962, -0.114, -81.640, -0.962, -0.258, -0.087, -53.084, -0.114, 0.088, 0.990, -5.801
1727351644.717458010, -0.442, 0.886, -0.143, -81.902, -0.897, -0.439, 0.052, -52.500, -0.017, 0.152, 0.988, -5.820
1727351645.718651056, -0.324, 0.930, -0.172, -82.212, -0.944, -0.308, 0.114, -51.797, 0.054, 0.199, 0.978, -5.929
1727351646.715741634, -0.617, 0.773, -0.147, -82.278, -0.778, -0.627, -0.031, -51.460, -0.116, 0.095, 0.989, -5.947
1727351647.716513157, -0.669, 0.734, -0.113, -82.280, -0.742, -0.668, 0.053, -50.737, -0.036, 0.119, 0.992, -5.991
1727351648.716793299, -0.621, 0.773, -0.130, -82.346, -0.781, -0.623, 0.031, -49.986, -0.057, 0.121, 0.991, -6.019
1727351649.717359066, -0.572, 0.808, -0.140, -82.423, -0.819, -0.572, 0.043, -49.224, -0.045, 0.139, 0.989, -6.060
1727351650.617048264, -0.586, 0.800, -0.130, -82.530, -0.808, -0.589, 0.015, -48.779, -0.065, 0.113, 0.991, -6.104
1727351651.716983557, -0.683, 0.714, -0.156, -82.536, -0.723, -0.690, 0.009, -48.830, -0.101, 0.119, 0.988, -6.100
1727351652.717585802, -0.989, 0.047, -0.137, -82.472, -0.053, -0.998, 0.038, -48.980, -0.135, 0.045, 0.990, -6.105
1727351653.717699289, -0.990, 0.045, -0.137, -82.452, -0.051, -0.998, 0.036, -48.959, -0.135, 0.043, 0.990, -6.086
1727351654.717592955, -0.935, -0.336, -0.117, -82.244, 0.332, -0.942, 0.049, -48.844, -0.126, 0.007, 0.992, -6.054
1727351655.718453646, -0.928, -0.348, -0.133, -81.656, 0.348, -0.937, 0.024, -48.580, -0.133, -0.024, 0.991, -5.982
1727351656.718612432, -0.524, -0.838, -0.155, -81.497, 0.845, -0.534, 0.027, -48.584, -0.105, -0.117, 0.988, -5.947
