image_width: 1920
image_height: 1200
camera_name: camera_right
camera_matrix:
  rows: 3
  cols: 3
  data: [1182.016568105391, 0.000000000000, 964.713825402043, 0.000000000000, 1180.823720292498, 588.855123242026, 0.000000000000, 0.000000000000, 1.000000000000]
distortion_model: plumb_bob
distortion_coefficients:
  rows: 1
  cols: 5
  data: [-0.227940942536, 0.071075263437, 0.000553502169, -0.000192365489, 0.000000000000]
