image_width: 1920
image_height: 1200
camera_name: camera_left
camera_matrix:
  rows: 3
  cols: 3
  data: [1173.068075091911, 0.000000000000, 938.433930218049, 0.000000000000, 1173.273752627408, 587.869010839730, 0.000000000000, 0.000000000000, 1.000000000000]
distortion_model: plumb_bob
distortion_coefficients:
  rows: 1
  cols: 5
  data: [-0.227215498636, 0.072265309599, 0.000225778700, 0.000307171515, 0.000000000000]
