image_width: 1920
image_height: 1200
camera_name: camera_rear
camera_matrix:
  rows: 3
  cols: 3
  data: [1175.036910000000, 0.000000000000, 972.351260000000, 0.000000000000, 1174.782310000000, 608.594290000000, 0.000000000000, 0.000000000000, 1.000000000000]
distortion_model: plumb_bob
distortion_coefficients:
  rows: 1
  cols: 5
  data: [-0.229852000000, 0.072912000000, 0.000899000000, -0.000299000000, 0.000000000000]
