image_width: 2056
image_height: 1542
camera_name: ids_camera
camera_matrix:
  rows: 3
  cols: 3
  data: [1461.579410000000, 0.000000000000, 1028.167950000000, 0.000000000000, 1461.831920000000, 820.476170000000, 0.000000000000, 0.000000000000, 1.000000000000]
distortion_model: plumb_bob
distortion_coefficients:
  rows: 1
  cols: 5
  data: [-0.036581000000, 0.063865000000, 0.000594000000, -0.000878000000, 0.000000000000]
