image_width: 1232
image_height: 1616
camera_name: camera_rear_left
camera_matrix:
  rows: 3
  cols: 3
  data: [748.408000000000, 0.000000000000, 595.226000000000, 0.000000000000, 748.200000000000, 795.541000000000, 0.000000000000, 0.000000000000, 1.000000000000]
distortion_model: plumb_bob
distortion_coefficients:
  rows: 1
  cols: 8
  data: [0.222830399900, -0.021452557300, -0.000001987400, -0.000002260800, 0.001422594000, 0.489644438000, -0.025424933100, 0.001777700500]
