image_width: 1232
image_height: 1616
camera_name: camera_right
camera_matrix:
  rows: 3
  cols: 3
  data: [748.082000000000, 0.000000000000, 592.037000000000, 0.000000000000, 747.812000000000, 799.723000000000, 0.000000000000, 0.000000000000, 1.000000000000]
distortion_model: plumb_bob
distortion_coefficients:
  rows: 1
  cols: 8
  data: [0.223385840700, -0.021581150600, -0.000000418300, -0.000001961000, 0.001443886000, 0.489298760900, -0.025456473200, 0.001779179600]
