image_width: 1232
image_height: 1616
camera_name: camera_left
camera_matrix:
  rows: 3
  cols: 3
  data: [750.917000000000, 0.000000000000, 626.808000000000, 0.000000000000, 750.870000000000, 803.083000000000, 0.000000000000, 0.000000000000, 1.000000000000]
distortion_model: plumb_bob
distortion_coefficients:
  rows: 1
  cols: 8
  data: [0.228733018000, -0.022469703100, -0.000001056300, 0.000001371600, 0.001578394800, 0.495590090800, -0.026138976200, 0.001947668800]
