image_width: 1920
image_height: 1200
camera_name: camera_left
camera_matrix:
  rows: 3
  cols: 3
  data: [1174.110669674904, 0.000000000000, 980.823417744736, 0.000000000000, 1174.218826094616, 622.357788565041, 0.000000000000, 0.000000000000, 1.000000000000]
distortion_model: plumb_bob
distortion_coefficients:
  rows: 1
  cols: 5
  data: [-0.221835120142, 0.065531348773, 0.000240674003, -0.000103475044, 0.000000000000]
